0.0017150000000007992 53
0.0012410000000000476 54
0.0021800000000000708 95
0.004846000000000572 133
0.006781000000000148 292
0.020688000000000262 515
0.010165999999999897 518
0.02250799999999975 554
0.011829999999999785 565
0.026347000000000342 690
0.03016000000000041 721
0.017990999999999868 755
0.021902000000000754 768
0.015235999999999805 774
0.020542999999999978 893
0.020296000000000092 908
0.01889300000000005 926
0.020935999999999844 931
0.022545000000000037 992
0.020827999999999847 993
0.02771200000000107 1004
0.03584999999999994 1107
0.0410819999999994 1644
0.051118999999999915 1950
0.10314800000000002 2748
0.05779300000000376 2811
0.06975299999999862 3014
0.0936319999999995 3023
0.07764699999999891 3118
0.10334699999999941 3947
0.08190899999999957 4012
0.09715900000000133 4238
0.12245099999999987 4588
0.11824199999999863 4684
0.09582599999999886 4766
0.11372200000000987 5023
0.12965900000000374 5471
0.11387299999999989 5481
0.12593299999999985 5611
0.1340740000000018 5908
0.11610599999999849 6134
0.12565599999999932 6188
0.13574400000000075 6852
0.13613699999999973 7228
0.14947000000000088 7263
0.1779589999999871 7430
0.13341800000000248 7602
0.18465999999999916 8638
0.1533149999999992 8768
0.17016700000000107 8918
0.22505999999999915 9450
0.1734379999999991 9935
0.25556100000000015 10461
0.20415799999999962 10498
0.23889899999999642 11040
0.2038299999999964 12022
0.22790300000000485 13555
0.2502880000000012 13875
0.27353899999999953 14761
0.25180899999999795 15722
0.28927700000001266 15825
0.2793169999999989 16280
0.28765700000000294 17388
0.3300799999999988 18444
0.310007000000013 18782
0.2677839999999989 18855
0.3197410000000005 20382
0.38734700000000544 22790
0.3769589999999994 23505
0.4513339999999957 24209
0.39818700000000007 24341
0.48023700000000247 25100
0.4818520000000035 26401
0.4813690000000008 27938
0.5116060000000004 30144
0.6041519999999991 31356
0.5836659999999938 32091
0.5411040000000042 33474
0.5867649999999998 36164
0.6111619999999931 36779
0.6538570000000021 38181
0.677962000000008 38320
0.7077390000000037 39553
0.6233369999999994 41827
0.7459379999999953 43616
0.7785070000000047 45039
0.6660289999999947 45265
0.8377339999999975 46219
0.8818279999999987 47238
0.7406000000000006 47985
0.7199499999999972 48388
0.8542229999999904 49835
0.935750999999982 52083
1.1112959999999958 56988
1.053904000000017 66100
1.0823599999999942 67725
1.1987159999999903 68378
1.5083469999999863 80599
1.527431000000007 83168
1.9163649999999848 97476
