0.0007380000000125619 108
0.0026389999999878455 326
0.0033510000000092077 475
0.0032570000000191612 495
0.005377000000009957 640
0.0027299999999854663 690
0.006652999999971598 711
0.0033920000000193795 844
0.005152000000009593 907
0.003865000000018881 930
0.029041000000006534 2912
0.01817900000003192 2945
0.0312720000000013 5434
0.049094999999965694 6348
0.04657100000002856 6935
0.04254499999996142 7119
0.044649999999990087 7272
0.058421000000009826 7385
0.05718300000000909 7757
0.057276999999999134 7831
0.06593600000002198 9027
0.03468499999996766 9250
0.03810300000003508 9958
0.07676000000003569 10838
0.2990169999999921 57806
0.3989469999999642 64265
0.2371479999999906 74492
0.4153940000000489 83102
0.24110899999999447 87849
0.5122959999999921 96596
