0.0005290000000002237 27
0.0012260000000026139 180
0.0013270000000034088 251
0.0024549999999976535 434
0.005359999999996035 495
0.00221700000000169 715
0.0023550000000227556 829
0.0038799999999810098 834
0.004093000000011671 941
0.004383999999987509 947
0.0383160000000089 1699
0.018212000000005446 2615
0.020584000000013702 3107
0.030961999999988166 4634
0.024169999999998026 5043
0.038026000000002114 5725
0.028638999999998305 7258
0.04418499999999881 7632
0.04940200000001482 8114
0.06400600000000622 8709
0.06436199999998848 8871
0.09412599999996019 16037
0.1766619999999932 30669
0.2730109999999968 38833
0.27537399999999934 46418
0.28053799999997864 47014
0.3127380000000244 53083
0.31662800000000857 90207
0.6871050000000309 93659
0.5617990000000077 94365
