0.0030790000000138207 108
0.004504999999994652 326
0.010946999999987383 475
0.007239999999967495 495
0.013973999999961961 640
0.010450999999989108 690
0.008259000000009564 711
0.013231000000018867 844
0.019018000000016855 907
0.010546000000033473 930
0.05472100000002911 2912
0.0494979999999714 2945
0.08089599999999564 5434
0.10239799999999377 6348
0.10736200000002327 6935
0.10645099999999275 7119
0.12221999999997024 7272
0.1100179999999682 7385
0.11073199999998451 7757
0.12598599999995486 7831
0.13323100000002341 9027
0.14132000000000744 9250
0.14519999999998845 9958
0.18588099999999486 10838
1.7539810000000102 57806
2.1711819999999875 64265
2.534661999999969 74492
2.7802839999999946 83102
2.594263000000012 87849
3.8000490000000013 96596
