0.00221100000004526 108
0.012473999999997432 326
0.010829999999998563 475
0.019170999999971627 495
0.014077999999983604 640
0.013521999999966283 690
0.013493999999980133 711
0.01782399999996187 844
0.01769000000001597 907
0.019698000000005322 930
0.08862800000002835 2912
0.09440100000000484 2945
0.13210900000001402 5434
0.13600999999999885 6348
0.14885400000002846 6935
0.12651399999998603 7119
0.14312100000000783 7272
0.13479599999999436 7385
0.14560199999999668 7757
0.14425299999999197 7831
0.1648810000000367 9027
0.14250099999998156 9250
0.20052700000002233 9958
0.21357699999998658 10838
0.924205000000029 57806
1.2008650000000216 64265
1.114623999999992 74492
1.5773929999999723 83102
1.3016890000000103 87849
1.8538919999999735 96596
