0.0004430000000184009 27
0.002445000000022901 180
0.003458000000023276 251
0.0045619999999928496 434
0.013769999999993843 495
0.014046000000007552 715
0.012282000000027438 829
0.012245000000007167 834
0.010242000000005191 941
0.012131999999979826 947
0.04000500000000784 1699
0.050375999999999976 2615
0.037913000000003194 3107
0.0690050000000042 4634
0.07301799999999048 5043
0.09142099999999687 5725
0.10212199999998006 7258
0.1462110000000223 7632
0.1179740000000038 8114
0.11967400000000339 8709
0.1482249999999965 8871
0.2717579999999771 16037
0.6138779999999997 30669
1.2911499999999876 38833
1.153773000000001 46418
1.1384530000000268 47014
1.4317079999999578 53083
2.980197000000004 90207
3.798091999999997 93659
3.4296620000000075 94365
