0.000484000000000151 53
0.00021300000000001873 54
0.0008749999999997371 95
0.0015939999999998733 133
0.0027440000000003018 292
0.002642999999999951 515
0.0021160000000000068 518
0.0048159999999999314 554
0.003411000000000719 565
0.0038970000000002614 690
0.004586999999999897 721
0.003570999999999991 755
0.004737999999999687 768
0.002574999999999772 774
0.007408999999999999 893
0.0030780000000003582 908
0.0045359999999998735 926
0.009781999999999957 931
0.0043440000000001255 992
0.003051000000000137 993
0.013070000000006132 1004
0.009173000000000542 1107
0.009523000000001502 1644
0.010453000000000046 1950
0.016811999999999827 2748
0.01671500000000492 2811
0.02556899999999729 3014
0.04620599999999797 3023
0.01669399999999932 3118
0.03486000000000011 3947
0.02554300000000076 4012
0.02336000000000027 4238
0.03660999999999959 4588
0.02924600000000055 4684
0.028950000000001808 4766
0.03754000000000701 5023
0.04069300000000453 5471
0.04595699999999958 5481
0.0386179999999996 5611
0.0257349999999974 5908
0.030708999999999875 6134
0.03572999999999915 6188
0.040581999999998786 6852
0.07020299999999935 7228
0.05985799999999841 7263
0.05940999999998553 7430
0.07261300000000048 7602
0.039432000000001466 8638
0.05921000000000021 8768
0.06815499999999908 8918
0.0640660000000004 9450
0.05384699999999931 9935
0.07808400000000049 10461
0.07151700000000005 10498
0.07650200000000495 11040
0.04773399999999839 12022
0.08883799999999553 13555
0.05526700000000062 13875
0.08971900000000232 14761
0.07798899999999875 15722
0.09691800000000228 15825
0.0902130000000021 16280
0.09148799999999824 17388
0.1136000000000017 18444
0.09108999999999412 18782
0.06931200000000004 18855
0.09777300000000011 20382
0.1405950000000047 22790
0.10871199999999703 23505
0.12425500000000511 24209
0.1165240000000054 24341
0.1547689999999875 25100
0.17161799999999516 26401
0.17734500000000253 27938
0.18177700000000385 30144
0.18281400000000048 31356
0.1963489999999979 32091
0.18319899999999478 33474
0.16704300000000671 36164
0.22985599999999806 36779
0.2806229999999914 38181
0.22990500000000225 38320
0.2411769999999933 39553
0.14054399999999845 41827
0.2854250000000036 43616
0.27794900000000666 45039
0.15901499999999658 45265
0.28011399999999753 46219
0.24643600000000276 47238
0.21272100000000194 47985
0.16461800000000437 48388
0.31339099999999576 49835
0.3147599999999784 52083
0.36759099999999023 56988
0.21201999999999543 66100
0.25362400000000207 67725
0.4367739999999998 68378
0.4384369999999933 80599
0.48001000000002136 83168
0.48700399999998467 97476
