0.0008829999999999671 53
0.000652000000000097 54
0.0019409999999999705 95
0.0014769999999995065 133
0.00510900000000003 292
0.011391999999999847 515
0.006421000000000454 518
0.009663999999999895 554
0.007290000000000241 565
0.009851999999999528 690
0.014051000000000258 721
0.009914999999999896 755
0.018041999999999447 768
0.019344999999999946 774
0.013162999999999592 893
0.014546999999999422 908
0.07925399999999994 926
0.01454399999999989 931
0.031593000000000426 992
0.013019000000000336 993
0.03545000000000442 1004
0.030584000000001055 1107
0.035498000000000474 1644
0.054815999999998866 1950
0.0556599999999996 2748
0.05490199999999845 2811
0.07149199999999922 3014
0.06707799999999509 3023
0.044762999999999664 3118
0.05687299999999951 3947
0.06899999999999906 4012
0.0718160000000001 4238
0.0732999999999997 4588
0.07325300000000112 4684
0.0816820000000007 4766
0.0836749999999995 5023
0.09862800000000504 5471
0.09537700000000005 5481
0.09050099999999972 5611
0.07972200000000029 5908
0.09406899999999929 6134
0.10717700000000008 6188
0.10690199999999983 6852
0.1511300000000002 7228
0.11768200000000206 7263
0.12702199999998243 7430
0.1292839999999984 7602
0.14240200000000058 8638
0.2083939999999984 8768
0.14414899999999875 8918
0.14581599999999995 9450
0.1479739999999996 9935
0.17570200000000114 10461
0.16864799999999747 10498
0.22379400000000516 11040
0.1994450000000043 12022
0.2123980000000003 13555
0.1894340000000021 13875
0.21247800000000083 14761
0.2755960000000002 15722
0.24635399999999663 15825
0.31048900000000046 16280
0.3586379999999991 17388
0.37507599999999996 18444
0.34239499999999623 18782
0.2831220000000023 18855
0.3786569999999969 20382
0.42952499999999816 22790
0.36770500000000084 23505
0.38826199999999744 24209
0.4016300000000044 24341
0.50808099999999 25100
0.46765299999998433 26401
0.5316669999999988 27938
0.8269200000000012 30144
0.7302210000000002 31356
0.7167649999999952 32091
0.662468000000004 33474
0.7607849999999985 36164
0.8690119999999979 36779
0.8422710000000109 38181
1.0076939999999865 38320
0.8041049999999927 39553
0.916874 41827
1.3020580000000166 43616
1.1336220000000026 45039
0.9539610000000067 45265
1.050793000000013 46219
1.1406139999999994 47238
1.064869999999999 47985
1.091754999999992 48388
1.2156329999999969 49835
1.2779769999999928 52083
1.8997809999999902 56988
1.8258249999999805 66100
1.7605980000000159 67725
1.9781210000000016 68378
2.5628580000000056 80599
3.114170999999999 83168
3.496893 97476
