0.0006069999999738229 27
0.003717000000023063 180
0.010261000000014064 251
0.010445000000004256 434
0.011759999999981119 495
0.013825999999994565 715
0.01660000000001105 829
0.018671000000011873 834
0.01924199999999132 941
0.023038999999982934 947
0.05538100000001123 1699
0.05089799999998945 2615
0.06635399999998981 3107
0.10942099999999755 4634
0.10124200000001338 5043
0.1112240000000213 5725
0.1428420000000017 7258
0.12665699999999447 7632
0.15884500000001367 8114
0.16341800000000717 8709
0.17205000000001291 8871
0.26681500000000824 16037
0.5143089999999972 30669
0.7726030000000037 38833
0.8397630000000049 46418
0.791971999999987 47014
1.0540700000000243 53083
1.5451470000000143 90207
1.8068639999999618 93659
2.1243329999999787 94365
