782
50
25
2
361269172
14
11
6965600
9
10
592017276
44
23
207433068
15
9
690641314
35
34
169270194
4
42
250076691
49
1
985371571
4
11
841561992
7
27
572814125
6
4
181287984
35
17
42649238
48
27
672065147
23
20
694544028
48
34
437397588
12
21
341691223
5
26
972842009
1
25
599372067
29
30
520080671
28
36
813798748
10
41
44975745
43
27
977101319
38
24
419376853
40
47
293349466
19
44
148605302
6
7
576375280
29
11
63894799
45
13
72967567
11
43
446710061
40
22
31884240
45
31
765504889
3
25
8841159
29
12
621375033
31
4
47640131
2
22
495069532
11
28
654304539
40
8
694615343
47
2
571111364
27
14
416647800
37
3
777819372
33
49
79956554
23
1
651830979
37
29
241124598
27
11
667386201
13
13
477676167
47
25
961908452
35
17
609257903
35
13
97599256
48
39
26304577
6
28
62938168
35
12
431364230
44
34
471525775
30
22
718073211
28
49
737867022
28
13
676773036
2
9
683396554
3
45
39145578
13
30
102882184
26
29
505123031
3
34
840061808
34
18
992099119
13
14
726739846
45
43
905341517
6
20
1795517
27
50
63741988
14
3
733734090
23
6
223625443
1
20
522998666
42
46
907997844
22
48
647787136
29
33
667669547
49
45
752634360
2
40
407028911
27
45
19461432
49
23
257318125
36
36
303307878
34
10
119339135
26
10
167186162
49
4
691931851
50
25
424913500
35
6
429069282
40
6
135763421
7
8
721554424
17
34
51999120
49
34
864964542
29
20
689740071
14
5
62238624
4
30
21605786
16
28
523240103
24
27
219748229
32
14
951191978
21
3
267219542
5
9
189538043
28
26
181038084
47
24
390998817
38
4
883162230
16
20
96295128
4
25
254022965
3
40
879344400
5
16
732773629
33
49
462097786
19
19
440019146
10
24
566655698
10
1
954069081
43
50
769204356
9
39
121896012
47
5
315451931
38
10
321727605
11
14
307909197
10
18
965928556
38
2
278248262
31
22
968904880
26
33
878694547
32
42
581688050
14
36
129884507
20
47
535732095
31
43
194003601
11
32
166937654
15
42
181172767
11
4
759949042
24
43
123014696
35
24
221561711
17
1
27842352
21
34
26361931
26
48
955707631
34
17
501845521
29
47
252970565
29
9
157894254
39
25
618123190
13
38
70550851
5
11
542918143
50
48
202355568
18
16
636365913
19
36
116637590
14
14
449756051
44
47
699892911
22
25
693976909
44
4
747459975
47
44
329553344
42
8
600682581
42
14
379292593
37
15
943631648
4
33
262604607
24
1
67422387
28
16
644805764
28
11
419606504
47
32
632589437
11
25
625241792
38
24
417017587
37
15
189089588
25
9
553923202
25
47
634533116
23
50
504997406
37
24
340642059
37
1
20345368
50
28
352331329
12
26
690961818
48
37
289207395
39
26
304962318
25
12
208866134
20
38
71469694
29
12
435691140
1
36
503886034
8
23
617453015
16
9
40513303
40
11
927855688
26
22
979373064
43
19
741558702
37
9
961872577
6
35
822384390
40
6
776293085
33
35
202891248
23
37
45810528
14
44
272688258
28
12
98430454
44
1
725391978
39
28
868146593
10
22
864316463
17
11
339143373
1
16
709644915
48
5
164910665
34
38
111380193
32
12
888619343
15
25
149109138
22
2
233491649
39
45
14628601
19
35
844851328
19
45
267637994
38
13
572196004
18
16
63487663
33
15
802895482
5
49
9372771
11
30
118610682
3
46
487011606
40
17
732028551
39
7
599207547
39
25
16404275
19
44
668024533
18
33
443110640
29
2
8567899
5
34
39297063
38
40
164107575
8
50
880857954
39
4
940391449
44
46
615396317
2
36
4303012
4
26
537536244
43
44
83242589
27
13
358254879
22
43
701716481
34
48
675788666
11
35
445382100
35
43
826909707
41
31
856474455
39
27
388218208
6
28
950599893
31
34
410764462
32
26
466079614
29
2
531666970
7
26
884755263
37
11
441348512
3
23
4342198
10
8
583109098
16
48
296259881
28
38
630806157
35
45
171292828
29
27
369443811
49
9
94179738
12
37
13525142
37
43
423107025
7
32
331493279
26
36
483013702
30
45
41775861
29
12
888637716
9
42
963990697
15
28
588263850
1
7
913243826
17
5
181499586
13
16
623757366
10
4
303304761
36
13
69341886
20
40
302690135
29
21
743698873
45
50
776826892
12
8
406032277
17
25
872049605
16
25
977995119
41
43
134633275
27
5
955527334
50
16
529893339
18
1
742486559
17
23
34655493
1
1
263258713
31
48
11405306
23
9
427871522
7
25
143463504
19
42
476957722
37
35
355347072
11
13
20294929
2
12
485326438
49
32
878581347
7
48
679036563
7
49
74738515
26
31
107463070
45
3
813331573
24
10
713883799
27
30
397383599
6
17
924558433
28
29
329424239
6
31
88254752
49
31
504354733
47
37
352098789
17
44
81660689
38
21
289255669
7
15
751710616
37
41
580090527
44
17
646445006
42
23
781285530
24
50
266729003
20
5
763335491
29
5
800998321
18
4
122204045
6
20
466640896
44
7
97567574
14
16
26389391
35
2
533494231
19
47
762345591
33
38
894933921
12
13
434089922
22
34
400108528
12
13
130832535
34
30
504843288
43
37
53693701
44
32
704638666
18
45
712624875
8
32
596016628
40
2
68697719
36
34
380568114
9
48
456186235
30
19
624976318
8
33
827709480
42
16
421256811
29
8
905200741
37
4
66234674
2
21
341097927
34
30
481501102
20
19
772567453
2
6
713258345
21
14
232342936
7
46
301582962
25
3
831797544
4
46
476501354
17
26
62931169
13
14
205211522
45
16
909980
21
1
181448667
30
20
427805443
40
21
502325893
34
44
4976658
25
50
517331303
39
26
292014707
32
32
459859410
43
48
673192329
12
12
690739893
33
6
217140760
27
28
965019810
49
7
235426382
42
47
97058204
42
30
782999755
7
7
749437257
16
45
621347026
30
28
78954901
40
21
396034062
26
32
625268874
26
14
685410373
41
42
770072851
9
43
213273765
48
36
935064211
7
27
353735243
14
33
849113443
20
50
427814489
3
32
69119560
18
21
954562744
29
48
294558827
2
24
294319343
33
16
807270634
41
26
867377726
5
23
902446061
16
32
267317889
10
45
114453510
8
14
518733317
4
18
919655648
27
35
629596270
21
14
174263876
49
17
391881993
41
1
57140466
25
41
282542742
2
46
156031558
13
13
627181489
1
22
331508641
24
31
165933906
49
36
604320674
4
12
578140202
30
34
335942917
5
33
502997692
5
25
764714892
20
49
743683727
11
1
505694324
27
15
985810894
23
15
537768667
14
41
10681085
19
39
389911734
42
42
39547433
2
23
471700025
24
29
128411959
17
35
304002583
9
5
658258890
43
17
58558592
24
45
407347756
17
18
971944264
33
31
424350712
31
49
578267694
14
43
910899944
10
44
51843718
42
19
322846541
8
36
820823125
47
46
602913931
36
38
951661706
27
11
23097994
34
29
296920661
5
13
104638335
17
43
464701292
18
8
128913828
11
19
380448879
29
13
555249355
27
20
156312942
7
16
948354537
46
3
380090576
3
31
104699024
2
14
665539866
21
21
895349028
19
37
509840322
16
4
46409117
7
15
102151944
43
45
296252456
48
21
609638975
39
29
198830443
28
26
722085753
3
28
237963486
41
30
153811401
6
2
294090121
36
20
83150351
7
38
951776155
38
46
663383821
37
39
269817073
50
38
241406087
32
28
104006709
30
5
165565599
35
8
672711726
20
50
353575807
20
7
505078508
41
42
84374522
47
49
408681509
9
38
459429654
37
24
469584200
9
25
141878131
3
6
485140759
26
38
300242971
24
22
114758980
49
41
885904179
6
12
131734780
15
2
747599821
42
1
95855971
8
11
222912358
18
48
83437283
19
8
973683207
6
13
208321815
22
38
133667196
42
11
176837825
22
11
723280823
50
18
926807584
37
33
81508224
16
26
975565838
42
34
708240192
8
3
647947841
46
21
64505851
11
28
199320313
33
49
8914294
42
43
511369762
22
14
379398430
46
15
114059742
29
4
72948568
16
19
45472157
5
12
735279290
3
19
306832336
1
17
82231865
9
29
350839642
27
11
450312785
34
4
533410627
3
27
714892148
33
22
28145150
32
2
162453517
13
18
160384329
19
24
822826291
9
26
225208111
2
29
450967085
16
37
473786407
8
16
207020619
48
1
784336922
32
4
87605856
29
38
135075521
42
19
558586223
9
31
292162542
45
49
311370315
43
7
176966093
10
9
389414079
46
24
13220117
9
33
247704526
35
32
806814327
15
13
54435632
20
43
517450519
47
37
14951445
27
47
767370625
26
41
672696567
46
36
318724926
46
47
12288036
24
42
835617767
41
2
139553744
24
37
226925125
6
1
483658896
45
22
772130832
21
18
678035176
15
46
658792716
39
21
579820509
14
19
116461202
45
14
641406548
38
38
458139983
4
30
892964285
5
3
5416423
36
11
579833331
33
5
703820852
20
26
364970872
48
40
121869611
19
31
119195976
35
44
373353008
36
40
356274065
35
27
162405954
24
32
952452433
16
37
679150744
46
24
296798848
26
6
564865110
27
27
800037
48
24
767038721
17
45
188500859
6
29
232850296
13
17
923844685
35
1
126288413
45
26
823282894
35
43
859414588
28
38
609092255
33
13
261007518
43
42
734774845
29
39
560945762
7
7
103345714
15
12
89278845
18
26
635206355
10
11
87567507
28
5
51985927
30
41
126458619
17
21
168918371
30
3
54165777
47
47
191054418
43
28
944555165
11
36
436537615
24
1
491230485
18
18
629470410
30
30
60047814
45
7
797885026
35
38
795434461
17
7
436879589
37
36
166502893
20
34
549169484
45
27
290712119
9
39
305653154
32
14
782493448
16
34
659116018
25
15
859365547
47
9
362046805
22
43
990442693
40
10
309000507
28
48
74296144
21
17
547337121
12
14
167930999
30
22
497023545
33
5
785444103
39
20
827504244
14
47
405893952
18
45
313213469
30
16
748932355
28
8
397058316
36
37
573993364
29
9
186419632
6
20
425391545
12
1
87980619
7
36
610724473
17
26
337369945
10
39
897387449
19
8
350824787
37
37
348083354
50
17
537113969
23
2
502279850
42
31
115116616
32
38
72277388
34
49
664474282
8
7
902393175
39
23
716011144
39
34
469476934
39
3
22156085
31
41
441128136
42
42
864319402
11
15
453246747
18
6
134722685
33
39
603567972
20
23
880229965
10
30
166764929
34
20
543584246
36
10
395741237
27
48
276613491
26
30
499414476
11
22
518109267
12
34
729756181
16
3
560864939
1
35
50371535
22
7
771151157
44
18
516217139
23
1
896293958
26
38
101267912
12
15
28526453
3
42
733927097
36
2
713036820
10
15
355485955
49
30
163554351
43
32
104874987
27
6
251725251
36
1
268579418
24
23
57830657
31
50
893039208
50
14
391165624
17
18
426882365
13
3
441317560
32
12
3823332
38
10
862613706
44
4
709960445
38
33
444398794
39
18
651191445
6
43
497103319
26
25
378235027
34
25
837811440
7
41
4962401
24
5
231618761
39
38
35889774
21
25
47986
34
20
684958333
30
7
846025073
30
45
401882992
32
3
868749234
8
28
995434109
34
13
883205527
23
22
265622669
31
45
24096267
41
35
576695868
15
7
573874686
50
40
884219805
40
22
465122569
13
1
863275508
4
34
52290754
40
41
942515345
48
25
574472102
32
49
44359381
8
30
74026819
38
22
809824703
5
36
108092718
48
35
126411845
8
27
132291616
28
39
570130824
41
44
91120901
8
33
897397906
5
32
514680482
14
13
780780074
44
20
405691805
18
7
768518077
28
11
757665020
45
8
520664257
4
17
594990483
33
45
826668765
15
37
322614816
29
47
246545143
34
3
298926574
15
16
215480995
47
9
409314708
9
26
462073073
43
5
97935585
13
50
890776937
19
5
282366005
3
37
885309007
23
3
415397796
40
32
924923136
38
15
61433082
20
32
251916111
14
30
835698869
27
38
591840896
1
31
330166894
36
45
11285945
30
15
761609899
40
17
418463088
49
41
551976340
44
30
105786915
37
18
829809088
32
37
238723321
42
2
113309694
10
30
564292739
5
31
360190521
6
16
111184423
9
45
485422337
13
36
930411103
8
34
125335837
6
27
392811367
34
15
831899192
29
46
741525880
5
37
337172425
12
48
880669904
9
4
686607742
37
10
405159
10
18
712839097
46
32
663824641
49
42
33638062
43
47
942709897
15
30
168479619
8
9
919863965
37
15
153811753
19
29
853505501
31
37
463302448
22
23
165885859
31
32
972541684
35
28
497396168
25
28
158912403
1
20
214099457
5
37
916227880
23
46
652655840
37
33
662106663
40
1
57890035
42
33
109331429
47
5
324104995
12
35
518427885
47
21
325206064
14
46
674850635
22
48
397730156
28
2
886656000
16
26
973527346
13
13
252386430
25
4
60405682
17
47
130771365
45
43
150091213
48
6
971286755
32
3
307197069
45
16
674163172
37
40
105823113
48
19
249919522
50
34
422415648
45
49
395691812
24
25
323559767
5
42
59525007
19
38
919406349
39
35
921606005
43
16
38665651
20
12
620497830
41
48
973498569
12
48
164283682
33
47
961597423
30
43
18095609
41
18
700917648
9
22
215437191
21
43
670985678
28
33
244184457
40
28
305977780
4
47
329055342
33
39
840784139
2
2
91410680
41
35
967590976
13
16
147885076
36
9
179646693
35
17
123281503
25
38
814593603
2
17
403674193
16
6
9293664
46
9
643681818
37
43
128485445
25
46
127076760
13
36
331826188
46
1
870182104
22
38
137836306
14
22
310864936
30
48
743760267
40
49
913477733
33
17
594139696
4
12
971895448
22
50
224791899
30
26
621294894
39
38
30720832
33
34
562150776
44
7
791229421
13
20
566358044
48
2
102973835
23
41
924578841
13
25
275357501
9
29
313803970
14
50
516457219
12
29
576617745
8
19
585696226
39
3
216316361
22
46
763846867
42
10
260450789
