967 0.007221000000000002 185317491507
39 0.0004480000000000005 15700522185
911 0.006606999999999995 320151506518
353 0.0026569999999999996 44270595452
715 0.007782000000000004 155751880771
531 0.0037519999999999984 10381232376
773 0.005512000000000003 203006893623
285 0.0021049999999999992 100326395700
26 0.00024700000000000416 11633986743
164 0.0017260000000000018 71700423350
831 0.0063520000000000035 258794882318
789 0.006249999999999999 215898036248
803 0.006611999999999996 308336692500
596 0.004445000000000001 43365083835
149 0.001017999999999998 12338589655
207 0.0017129999999999992 92958468491
870 0.0058949999999999975 8091279927
754 0.005541000000000001 271427402938
907 0.005948000000000002 23896508683
518 0.0038189999999999995 48833781371
196 0.0014949999999999998 89587641006
153 0.0012680000000000018 69873007686
366 0.003962 153628155283
164 0.0020149999999999994 71052858995
203 0.0014799999999999987 95606440610
201 0.0014409999999999978 59550896465
868 0.00588 2752292704
83 0.0006649999999999989 38665952630
768 0.0051210000000000006 74022689177
317 0.0025920000000000006 145853621095
989 0.006980999999999998 25734753905
659 0.005538000000000001 282951357576
777 0.006276999999999998 254045481742
143 0.001125000000000001 25398277665
461 0.003630999999999999 163903456528
227 0.0016780000000000024 84485901365
172 0.0012899999999999995 78438161352
880 0.005982999999999999 122299004968
89 0.000844000000000001 46145685918
932 0.007479999999999997 284377580766
735 0.005882000000000002 201677048601
568 0.0038340000000000006 4525229527
243 0.0020110000000000024 108298032498
618 0.004532999999999999 283278729169
745 0.004733000000000001 35275643944
903 0.006349999999999998 214206525270
605 0.004697 116728651607
612 0.004209000000000001 12040490843
378 0.0027609999999999996 177555035064
446 0.004534 205798217927
7525 0.056939000000000003 3016325392865
1411 0.012213000000000002 666631006921
4208 0.032446 1951930386724
1017 0.008270000000000003 493250416235
1918 0.014592 876578713202
5630 0.04349 2515654143005
3341 0.025907 1115819907803
2604 0.019718 1234046615770
6986 0.047821 697203230554
4455 0.032672999999999994 1275255780809
7964 0.061829 3158009731734
2291 0.01736 1110599782438
7533 0.05228200000000001 945073985176
9850 0.065393 455770047899
5060 0.038382 2376439381364
7359 0.052426 1375782430530
5867 0.042386 494973051663
6764 0.05110200000000001 2638959765715
1458 0.010817 684528226979
2888 0.021075 777226288572
2812 0.022417 1328504707672
9873 0.070455 1948619436136
2908 0.022333 1359160747598
7090 0.054374000000000006 2667312040184
4578 0.031443 381170639996
6201 0.048608 2596342870145
1186 0.009731 552859085544
4918 0.032654 228071768880
9886 0.062874 185017902015
9913 0.07212 2680359784328
7229 0.052433999999999995 1470172152635
8899 0.059109999999999996 190633338181
720 0.006013000000000001 344147375316
6351 0.041627 13307431121
6919 0.052356 1945653196417
7652 0.052008 412390848994
1833 0.014755999999999998 377325982740
3423 0.025921 1628948681429
9497 0.068286 959515567875
4731 0.028748 6799265278
6871 0.052615999999999996 2574989743255
2894 0.021839 1056086892065
8305 0.06134300000000001 2410840950127
633 0.005829000000000001 302029864869
6979 0.054172000000000005 2625065369487
6268 0.042387 557095511084
3961 0.029872 1804224369799
127 0.0015599999999999989 59388150630
9513 0.073784 2706640431172
35150 0.293337 16470926407165
80817 0.564299 873168651482
49620 0.322465 58332663404
62856 0.429192 1318278364439
48980 0.401635 21592841888455
88889 0.597283 286432811796
9479 0.073167 4450074285444
38907 0.311745 13647916182447
45171 0.305526 1340342087430
68181 0.56567 28599414314376
32880 0.26555 15442644461091
70335 0.519088 8089647215599
70432 0.511351 6289403281303
6998 0.065012 3326716473189
16700 0.149222 7807392407587
92550 0.708725 14988995249578
75831 0.56808 11906518683830
60542 0.505204 27619066682075
34171 0.215642 22466818630
82404 0.651496 16390154060554
21872 0.183811 10323263448791
27373 0.22058099999999997 12920307969608
36121 0.303163 16937911318022
65873 0.44687000000000004 1474011689201
78725 0.6022409999999999 14755957152457
96991 0.731272 10850733602698
17017 0.143556 7998176405127
47939 0.39276300000000003 21477600617630
56375 0.45357200000000003 17511061541401
58380 0.395803 761788017194
6253 0.051923 2933950157440
54791 0.430477 16155066379084
11112 0.096455 5251768969060
14966 0.127195 7022222276801
75640 0.61988 29893937793191
45821 0.362237 13620240445810
97858 0.791873 25423143786200
68319 0.552149 18614268321436
49935 0.41349 23429937181179
10925 0.087568 5119234242209
19767 0.160496 8287209976188
26155 0.20848099999999997 7476454225262
33255 0.219849 118240574797
29311 0.23807799999999998 13675722198833
12358 0.09861299999999999 5339771665144
48173 0.40452299999999997 20456835879174
59974 0.471094 16864852380449
38203 0.276755 4433092945210
85674 0.7512730000000001 27350858112710
70167 0.5530010000000001 19986773170374
106 0.0006850000000000016 2572269748
758 0.006239999999999999 307272693410
335 0.0024729999999999995 131330452438
51 0.00041500000000000217 25259423563
807 0.005604000000000001 99472326541
602 0.004566999999999998 229033602265
671 0.004944999999999998 290461490872
270 0.0022639999999999987 128332045394
609 0.004962000000000001 237299655969
333 0.0024010000000000004 134073349324
160 0.0012040000000000002 78152454280
721 0.005311 305013194422
699 0.005745999999999998 297345732078
68 0.0005290000000000017 30212703913
793 0.0046740000000000045 4137042374
272 0.0020149999999999994 130692840347
955 0.006821999999999998 327926880153
710 0.005220000000000002 269698802146
960 0.007782000000000001 286602611527
104 0.000895 50469293089
770 0.005542999999999999 213847501779
131 0.0014359999999999998 68239009103
385 0.002686000000000001 89507653534
769 0.006202000000000003 303279508013
377 0.002994 98575209243
297 0.002138000000000001 135589205091
724 0.0055629999999999985 192566628930
819 0.004777 77429377
793 0.0058 219892496102
237 0.001524000000000001 22387225989
889 0.006545000000000002 330404765621
934 0.010534999999999996 50324344057
985 0.008225 236723835210
308 0.0019290000000000002 9115428952
789 0.005828 298384618508
21 0.00030599999999999725 9826867494
501 0.0044410000000000005 107102681156
472 0.003347999999999997 18631143547
351 0.0025319999999999995 159445299244
712 0.005535999999999999 148789185799
593 0.0037410000000000013 17602045334
99 0.0008640000000000002 47787172820
511 0.003882 212788404825
948 0.005662 177393077
457 0.0036839999999999998 140708768920
78 0.0006330000000000016 37123475357
475 0.003418000000000001 186632802211
671 0.005245 154742153786
283 0.002258999999999997 134927927843
9638 0.068414 1455572110577
5237 0.037885999999999996 1094641973507
416 0.0030170000000000023 206196451158
2699 0.022097 1278375489054
4807 0.033273 421460298040
3821 0.029234000000000003 1676121424085
6463 0.048888 2597330228966
1201 0.01022 572724533486
4060 0.053883 1908420389661
6318 0.048530000000000004 2710673826207
1898 0.014339999999999999 726329195559
1644 0.013616000000000003 776219805990
8466 0.06424400000000001 3200256698168
1788 0.013218 836411666706
7992 0.05693100000000001 1298729281005
9984 0.06340599999999999 83874894277
138 0.002048000000000001 67447073299
5597 0.042372999999999994 2015827786123
265 0.0031480000000000015 125896601469
380 0.0042780000000000006 170853111799
6302 0.047089000000000006 1985721241790
7632 0.060785 3232730949899
3876 0.028891999999999998 1419392863116
8622 0.06160199999999999 1129817691856
9098 0.060506000000000004 236031653120
8620 0.060673 392022747237
7933 0.051772 243170248374
5577 0.038852 302461700446
9236 0.09003900000000001 878915159721
7892 0.052607 525670520990
4493 0.035013 1887991794272
6167 0.04413399999999999 1132324618325
9864 0.07440000000000001 3333692690310
766 0.005909999999999999 272449451508
1940 0.015695999999999998 944872578767
6237 0.046947 2245347817028
2017 0.015156 949752234953
1948 0.014345999999999998 885786929570
8836 0.066475 2856388885641
2720 0.020704 1264339010897
3918 0.030973 1815658778289
4798 0.036125000000000004 2252309228541
774 0.0075 348265388066
4870 0.037216 2288323334889
6286 0.0392 31082909756
5333 0.041581 2284115829544
6278 0.048166 2393767529316
717 0.0067379999999999975 338682517715
8115 0.060166000000000004 2527660832959
8013 0.051236000000000004 121563442542
35931 0.30113999999999996 16916977650272
38404 0.296012 7321718748749
51544 0.438442 22304180785877
79459 0.659642 28823991826788
73670 0.507573 901854033205
79627 0.642107 22241378919061
95365 0.787455 32295367585019
68723 0.538733 16829478345271
63966 0.494528 10236812450671
21050 0.182778 9906460855384
62109 0.417888 770876879149
93894 0.640081 33731718779
2657 0.020898 1249753984187
13223 0.12267900000000001 6235572359959
33679 0.275271 15245445215425
11240 0.100465 5248008993761
5766 0.049912 2692017977770
90892 0.686794 8662811759761
81705 0.5549879999999999 1331220183047
17204 0.14532 8113897094454
93501 0.769444 28153615872524
69761 0.48394699999999996 1772414449756
47769 0.376102 11537130651537
17993 0.149222 8384263693375
18466 0.15419999999999998 8690303397570
14827 0.129239 6917691857026
51652 0.339897 13312831627
78392 0.662918 32442794394019
12277 0.102801 5774474178111
7443 0.067683 3519047855317
2769 0.030624 1295848067311
29178 0.197606 162730593243
83424 0.5503229999999999 1759784161
49766 0.32475400000000004 80166365209
95802 0.6583100000000001 841901051174
96548 0.735427 6503389629225
49681 0.42087899999999995 23384190715337
29571 0.217775 3033132672061
77977 0.597817 13375376003823
32564 0.273184 15300410669421
22257 0.14584799999999998 97494216321
15650 0.133928 7329672723268
44894 0.35731 14964767325037
66367 0.493721 6384240458945
65540 0.428511 23969059467
85879 0.797017 19381178032150
40595 0.47925100000000004 19066264675653
29062 0.283503 13754983419407
33327 0.3185 15666905498441
80170 0.7045750000000001 31835640220604
