967 0.023631000000000003 185317491507
39 0.0008009999999999996 15700522185
911 0.023695 320151506518
353 0.007799999999999998 44270595452
715 0.017192000000000002 155751880771
531 0.016063 10381232376
773 0.019553 203006893623
285 0.007390999999999998 100326395700
26 0.0007820000000000014 11633986743
164 0.003621000000000006 71700423350
831 0.023514 258794882318
789 0.022959 215898036248
803 0.021637000000000003 308336692500
596 0.014572000000000005 43365083835
149 0.003864000000000003 12338589655
207 0.004639999999999998 92958468491
870 0.020547999999999997 8091279927
754 0.019866 271427402938
907 0.021327 23896508683
518 0.012184 48833781371
196 0.004758000000000002 89587641006
153 0.003297999999999999 69873007686
366 0.008688999999999999 153628155283
164 0.0036120000000000006 71052858995
203 0.005142000000000001 95606440610
201 0.0041519999999999994 59550896465
868 0.019651000000000002 2752292704
83 0.0015699999999999985 38665952630
768 0.018301 74022689177
317 0.006757000000000003 145853621095
989 0.024451 25734753905
659 0.015438 282951357576
777 0.019434999999999997 254045481742
143 0.0029 25398277665
461 0.011310999999999998 163903456528
227 0.004597999999999998 84485901365
172 0.006586000000000002 78438161352
880 0.021648 122299004968
89 0.003250999999999997 46145685918
932 0.023368 284377580766
735 0.020241 201677048601
568 0.012610999999999997 4525229527
243 0.0065249999999999996 108298032498
618 0.015511 283278729169
745 0.017655 35275643944
903 0.022436 214206525270
605 0.014185000000000003 116728651607
612 0.013557000000000003 12040490843
378 0.008579 177555035064
446 0.011691999999999998 205798217927
7525 0.23338499999999998 3016325392865
1411 0.036661 666631006921
4208 0.11928 1951930386724
1017 0.026716000000000004 493250416235
1918 0.057400999999999994 876578713202
5630 0.170386 2515654143005
3341 0.08878 1115819907803
2604 0.070867 1234046615770
6986 0.204191 697203230554
4455 0.12834399999999999 1275255780809
7964 0.24563200000000002 3158009731734
2291 0.061003 1110599782438
7533 0.21986999999999998 945073985176
9850 0.292127 455770047899
5060 0.14747200000000002 2376439381364
7359 0.223991 1375782430530
5867 0.16509700000000002 494973051663
6764 0.19931100000000002 2638959765715
1458 0.038122 684528226979
2888 0.07955000000000001 777226288572
2812 0.074495 1328504707672
9873 0.31501599999999996 1948619436136
2908 0.078624 1359160747598
7090 0.215584 2667312040184
4578 0.129449 381170639996
6201 0.18497000000000002 2596342870145
1186 0.033372 552859085544
4918 0.134331 228071768880
9886 0.31299200000000005 185017902015
9913 0.329667 2680359784328
7229 0.220288 1470172152635
8899 0.26504 190633338181
720 0.018567 344147375316
6351 0.18113500000000002 13307431121
6919 0.214422 1945653196417
7652 0.225551 412390848994
1833 0.047403 377325982740
3423 0.09609 1628948681429
9497 0.290216 959515567875
4731 0.124909 6799265278
6871 0.21184999999999998 2574989743255
2894 0.080072 1056086892065
8305 0.253013 2410840950127
633 0.016002999999999996 302029864869
6979 0.222906 2625065369487
6268 0.184063 557095511084
3961 0.109985 1804224369799
127 0.003296999999999998 59388150630
9513 0.296189 2706640431172
35150 1.410967 16470926407165
80817 4.114552 873168651482
49620 2.209439 58332663404
62856 2.9784409999999997 1318278364439
48980 2.176916 21592841888455
88889 4.707537 286432811796
9479 0.30127899999999996 4450074285444
38907 1.607678 13647916182447
45171 1.909556 1340342087430
68181 3.3761989999999997 28599414314376
32880 1.301261 15442644461091
70335 3.545931 8089647215599
70432 3.486088 6289403281303
6998 0.220266 3326716473189
16700 0.5777899999999999 7807392407587
92550 5.153044 14988995249578
75831 3.8581760000000003 11906518683830
60542 2.8745119999999997 27619066682075
34171 1.298419 22466818630
82404 4.38898 16390154060554
21872 0.78662 10323263448791
27373 1.053332 12920307969608
36121 1.4526309999999998 16937911318022
65873 3.152399 1474011689201
78725 4.070897 14755957152457
96991 5.515378 10850733602698
17017 0.596958 7998176405127
47939 2.109637 21477600617630
56375 2.5792569999999997 17511061541401
58380 2.648665 761788017194
6253 0.18779200000000001 2933950157440
54791 2.4973460000000003 16155066379084
11112 0.369138 5251768969060
14966 0.503066 7022222276801
75640 3.911938 29893937793191
45821 2.0187150000000003 13620240445810
97858 5.629448 25423143786200
68319 3.3891449999999996 18614268321436
49935 2.256835 23429937181179
10925 0.35097300000000003 5119234242209
19767 0.70227 8287209976188
26155 0.9750639999999999 7476454225262
33255 1.2541769999999999 118240574797
29311 1.126225 13675722198833
12358 0.412931 5339771665144
48173 2.124882 20456835879174
59974 2.825968 16864852380449
38203 1.5344 4433092945210
85674 5.1007679999999995 27350858112710
70167 3.511591 19986773170374
106 0.002352999999999994 2572269748
758 0.019825 307272693410
335 0.007308999999999996 131330452438
51 0.002038999999999999 25259423563
807 0.018240999999999997 99472326541
602 0.014264000000000002 229033602265
671 0.016841 290461490872
270 0.006779 128332045394
609 0.013966 237299655969
333 0.008085999999999996 134073349324
160 0.00383 78152454280
721 0.017439000000000003 305013194422
699 0.016762 297345732078
68 0.0012980000000000005 30212703913
793 0.018729 4137042374
272 0.006154000000000003 130692840347
955 0.023964000000000003 327926880153
710 0.016772999999999996 269698802146
960 0.023717999999999996 286602611527
104 0.0020949999999999996 50469293089
770 0.018002 213847501779
131 0.002620000000000001 68239009103
385 0.013158000000000003 89507653534
769 0.019190999999999996 303279508013
377 0.009294 98575209243
297 0.0067510000000000035 135589205091
724 0.018029 192566628930
819 0.018465000000000002 77429377
793 0.019107999999999997 219892496102
237 0.0056250000000000015 22387225989
889 0.021793 330404765621
934 0.021989 50324344057
985 0.028116000000000002 236723835210
308 0.006214000000000001 9115428952
789 0.019752999999999996 298384618508
21 0.0005360000000000018 9826867494
501 0.011003999999999996 107102681156
472 0.011075999999999999 18631143547
351 0.009083999999999998 159445299244
712 0.017587000000000002 148789185799
593 0.014053000000000003 17602045334
99 0.0019400000000000008 47787172820
511 0.012558 212788404825
948 0.022112 177393077
457 0.010633 140708768920
78 0.0014729999999999986 37123475357
475 0.011793000000000001 186632802211
671 0.016054 154742153786
283 0.005871999999999999 134927927843
9638 0.299334 1455572110577
5237 0.159502 1094641973507
416 0.010034999999999999 206196451158
2699 0.072528 1278375489054
4807 0.134983 421460298040
3821 0.109356 1676121424085
6463 0.198023 2597330228966
1201 0.031118 572724533486
4060 0.122866 1908420389661
6318 0.183968 2710673826207
1898 0.051032999999999995 726329195559
1644 0.046221000000000005 776219805990
8466 0.262524 3200256698168
1788 0.047476000000000004 836411666706
7992 0.24167200000000003 1298729281005
9984 0.299257 83874894277
138 0.004229 67447073299
5597 0.164087 2015827786123
265 0.009257000000000001 125896601469
380 0.009328999999999997 170853111799
6302 0.186391 1985721241790
7632 0.23111299999999999 3232730949899
3876 0.11684 1419392863116
8622 0.262682 1129817691856
9098 0.2683 236031653120
8620 0.261571 392022747237
7933 0.23057799999999998 243170248374
5577 0.15426499999999999 302461700446
9236 0.279906 878915159721
7892 0.25577099999999997 525670520990
4493 0.12690300000000002 1887991794272
6167 0.178996 1132324618325
9864 0.305739 3333692690310
766 0.020383 272449451508
1940 0.055537 944872578767
6237 0.187565 2245347817028
2017 0.05562399999999999 949752234953
1948 0.054086999999999996 885786929570
8836 0.278028 2856388885641
2720 0.07272600000000001 1264339010897
3918 0.118959 1815658778289
4798 0.139387 2252309228541
774 0.021055 348265388066
4870 0.143438 2288323334889
6286 0.17686999999999997 31082909756
5333 0.158828 2284115829544
6278 0.189923 2393767529316
717 0.019318000000000002 338682517715
8115 0.25169 2527660832959
8013 0.23444 121563442542
35931 1.443416 16916977650272
38404 1.5731410000000001 7321718748749
51544 2.305323 22304180785877
79459 4.162967 28823991826788
73670 3.627262 901854033205
79627 4.195417000000001 22241378919061
95365 5.404947 32295367585019
68723 3.412164 16829478345271
63966 3.094021 10236812450671
21050 0.757062 9906460855384
62109 2.916888 770876879149
93894 5.062621 33731718779
2657 0.07292000000000001 1249753984187
13223 0.476874 6235572359959
33679 1.358937 15245445215425
11240 0.39568600000000004 5248008993761
5766 0.18252000000000002 2692017977770
90892 4.974183 8662811759761
81705 4.233644 1331220183047
17204 0.603887 8113897094454
93501 5.247174 28153615872524
69761 3.397557 1772414449756
47769 2.091285 11537130651537
17993 0.633419 8384263693375
18466 0.658901 8690303397570
14827 0.514311 6917691857026
51652 2.2269780000000003 13312831627
78392 4.121145 32442794394019
12277 0.40835 5774474178111
7443 0.239009 3519047855317
2769 0.084018 1295848067311
29178 1.056321 162730593243
83424 4.313596 1759784161
49766 2.0993340000000003 80166365209
95802 5.220602 841901051174
96548 5.423918 6503389629225
49681 2.221906 23384190715337
29571 1.135509 3033132672061
77977 4.016056 13375376003823
32564 1.297436 15300410669421
22257 0.767848 97494216321
15650 0.545793 7329672723268
44894 1.925263 14964767325037
66367 3.180424 6384240458945
65540 3.085171 23969059467
85879 4.6204339999999995 19381178032150
40595 2.061328 19066264675653
29062 1.22563 13754983419407
33327 1.3502809999999998 15666905498441
80170 4.707257 31835640220604
