967 0.027595999999999996 185317491507
39 0.000788999999999998 15700522185
911 0.019416999999999997 320151506518
353 0.007597 44270595452
715 0.015444 155751880771
531 0.010446000000000004 10381232376
773 0.016255 203006893623
285 0.006095999999999997 100326395700
26 0.0006690000000000029 11633986743
164 0.003472000000000003 71700423350
831 0.02405800000000001 258794882318
789 0.020340999999999998 215898036248
803 0.017631000000000008 308336692500
596 0.011852999999999995 43365083835
149 0.0035519999999999996 12338589655
207 0.003842999999999999 92958468491
870 0.016717999999999997 8091279927
754 0.016022 271427402938
907 0.017779000000000003 23896508683
518 0.010861000000000003 48833781371
196 0.0036860000000000018 89587641006
153 0.002828999999999998 69873007686
366 0.007338999999999998 153628155283
164 0.0031130000000000047 71052858995
203 0.003910000000000004 95606440610
201 0.003844 59550896465
868 0.016543000000000002 2752292704
83 0.0015239999999999976 38665952630
768 0.016318 74022689177
317 0.006162000000000001 145853621095
989 0.020603000000000003 25734753905
659 0.01387 282951357576
777 0.016212999999999998 254045481742
143 0.0026379999999999945 25398277665
461 0.009804999999999994 163903456528
227 0.004386999999999995 84485901365
172 0.003254 78438161352
880 0.018808 122299004968
89 0.0016920000000000025 46145685918
932 0.019135000000000006 284377580766
735 0.015334 201677048601
568 0.011295 4525229527
243 0.004616000000000002 108298032498
618 0.013697 283278729169
745 0.016935000000000006 35275643944
903 0.018920000000000006 214206525270
605 0.013089999999999997 116728651607
612 0.011783999999999996 12040490843
378 0.007893000000000004 177555035064
446 0.010993999999999997 205798217927
7525 0.15961099999999998 3016325392865
1411 0.03075 666631006921
4208 0.09681600000000001 1951930386724
1017 0.021677000000000002 493250416235
1918 0.040773000000000004 876578713202
5630 0.119622 2515654143005
3341 0.069659 1115819907803
2604 0.056553000000000006 1234046615770
6986 0.138675 697203230554
4455 0.09713399999999997 1275255780809
7964 0.166508 3158009731734
2291 0.05142500000000001 1110599782438
7533 0.155091 945073985176
9850 0.183045 455770047899
5060 0.10866899999999999 2376439381364
7359 0.14738099999999998 1375782430530
5867 0.11621099999999998 494973051663
6764 0.13963699999999998 2638959765715
1458 0.031174000000000007 684528226979
2888 0.060425000000000006 777226288572
2812 0.059108999999999995 1328504707672
9873 0.19437200000000004 1948619436136
2908 0.060932000000000014 1359160747598
7090 0.145452 2667312040184
4578 0.09195499999999998 381170639996
6201 0.129448 2596342870145
1186 0.024964 552859085544
4918 0.09640000000000001 228071768880
9886 0.18128799999999995 185017902015
9913 0.20727399999999996 2680359784328
7229 0.150241 1470172152635
8899 0.168045 190633338181
720 0.015495000000000002 344147375316
6351 0.11980799999999997 13307431121
6919 0.141703 1945653196417
7652 0.14714 412390848994
1833 0.03922000000000002 377325982740
3423 0.074042 1628948681429
9497 0.18540799999999996 959515567875
4731 0.090111 6799265278
6871 0.150757 2574989743255
2894 0.06095700000000001 1056086892065
8305 0.16646099999999997 2410840950127
633 0.014077 302029864869
6979 0.14201400000000003 2625065369487
6268 0.12401400000000001 557095511084
3961 0.08490899999999998 1804224369799
127 0.0027760000000000007 59388150630
9513 0.203297 2706640431172
35150 0.6777519999999999 16470926407165
80817 1.4949929999999996 873168651482
49620 0.8481299999999998 58332663404
62856 1.1506380000000003 1318278364439
48980 0.9757440000000002 21592841888455
88889 1.6418430000000002 286432811796
9479 0.204119 4450074285444
38907 0.7459230000000001 13647916182447
45171 0.8069100000000002 1340342087430
68181 1.4852930000000004 28599414314376
32880 0.6485329999999998 15442644461091
70335 1.3493560000000002 8089647215599
70432 1.3317329999999998 6289403281303
6998 0.15454800000000002 3326716473189
16700 0.329692 7807392407587
92550 1.8762390000000004 14988995249578
75831 1.4867249999999999 11906518683830
60542 1.209076 27619066682075
34171 0.5822610000000001 22466818630
82404 1.6257949999999997 16390154060554
21872 0.4311090000000001 10323263448791
27373 0.529277 12920307969608
36121 0.6977850000000001 16937911318022
65873 1.284144 1474011689201
78725 1.6311290000000005 14755957152457
96991 1.9202249999999998 10850733602698
17017 0.343071 7998176405127
47939 0.94112 21477600617630
56375 1.1171129999999998 17511061541401
58380 1.055142 761788017194
6253 0.13862900000000003 2933950157440
54791 1.081975 16155066379084
11112 0.22841799999999995 5251768969060
14966 0.29742 7022222276801
75640 1.5620599999999998 29893937793191
45821 0.8717439999999999 13620240445810
97858 2.0470520000000003 25423143786200
68319 1.367692 18614268321436
49935 0.9731030000000003 23429937181179
10925 0.220545 5119234242209
19767 0.39329400000000003 8287209976188
26155 0.4940039999999999 7476454225262
33255 0.5693190000000001 118240574797
29311 0.564516 13675722198833
12358 0.253248 5339771665144
48173 0.953184 20456835879174
59974 1.1833550000000002 16864852380449
38203 0.7077380000000002 4433092945210
85674 1.8539540000000003 27350858112710
70167 1.3650769999999999 19986773170374
106 0.0024380000000000027 2572269748
758 0.015661 307272693410
335 0.007235999999999999 131330452438
51 0.0009699999999999986 25259423563
807 0.018685000000000007 99472326541
602 0.012948000000000001 229033602265
671 0.014323000000000002 290461490872
270 0.005922999999999998 128332045394
609 0.012992999999999998 237299655969
333 0.007631000000000006 134073349324
160 0.003943000000000002 78152454280
721 0.015297999999999999 305013194422
699 0.014836999999999996 297345732078
68 0.001246000000000004 30212703913
793 0.017891999999999998 4137042374
272 0.006201999999999999 130692840347
955 0.020392000000000007 327926880153
710 0.014799999999999994 269698802146
960 0.022594000000000003 286602611527
104 0.0019389999999999963 50469293089
770 0.015749 213847501779
131 0.002703999999999998 68239009103
385 0.008326 89507653534
769 0.018213 303279508013
377 0.008041 98575209243
297 0.006023000000000001 135589205091
724 0.014926999999999996 192566628930
819 0.015420999999999997 77429377
793 0.017911999999999997 219892496102
237 0.004941999999999995 22387225989
889 0.018497999999999994 330404765621
934 0.019131999999999996 50324344057
985 0.022296999999999997 236723835210
308 0.005599 9115428952
789 0.017840999999999996 298384618508
21 0.0005159999999999991 9826867494
501 0.011663000000000007 107102681156
472 0.009373 18631143547
351 0.007753999999999997 159445299244
712 0.014642999999999996 148789185799
593 0.012212999999999995 17602045334
99 0.0018699999999999967 47787172820
511 0.011636 212788404825
948 0.017794000000000004 177393077
457 0.009937000000000001 140708768920
78 0.0015049999999999994 37123475357
475 0.010665000000000001 186632802211
671 0.013832000000000004 154742153786
283 0.005414000000000002 134927927843
9638 0.18922300000000003 1455572110577
5237 0.10810899999999998 1094641973507
416 0.008793999999999996 206196451158
2699 0.060926999999999995 1278375489054
4807 0.095336 421460298040
3821 0.07983699999999999 1676121424085
6463 0.134872 2597330228966
1201 0.025844999999999993 572724533486
4060 0.08506100000000003 1908420389661
6318 0.13505099999999998 2710673826207
1898 0.04223800000000001 726329195559
1644 0.03778400000000001 776219805990
8466 0.184633 3200256698168
1788 0.041256 836411666706
7992 0.16086700000000004 1298729281005
9984 0.18400899999999998 83874894277
138 0.0035390000000000005 67447073299
5597 0.12490799999999999 2015827786123
265 0.006154 125896601469
380 0.008911000000000002 170853111799
6302 0.132328 1985721241790
7632 0.157602 3232730949899
3876 0.082678 1419392863116
8622 0.16645900000000002 1129817691856
9098 0.16807700000000003 236031653120
8620 0.16588400000000003 392022747237
7933 0.15745000000000003 243170248374
5577 0.10957699999999998 302461700446
9236 0.22708599999999995 878915159721
7892 0.153847 525670520990
4493 0.09498300000000004 1887991794272
6167 0.13068000000000002 1132324618325
9864 0.19967500000000005 3333692690310
766 0.018282999999999994 272449451508
1940 0.043963 944872578767
6237 0.137638 2245347817028
2017 0.04530200000000001 949752234953
1948 0.047328999999999996 885786929570
8836 0.187075 2856388885641
2720 0.06041100000000002 1264339010897
3918 0.08343499999999998 1815658778289
4798 0.104246 2252309228541
774 0.016556999999999995 348265388066
4870 0.10447400000000001 2288323334889
6286 0.12263400000000002 31082909756
5333 0.11195 2284115829544
6278 0.13326199999999996 2393767529316
717 0.015256000000000006 338682517715
8115 0.164422 2527660832959
8013 0.149841 121563442542
35931 0.679089 16916977650272
38404 0.7100539999999997 7321718748749
51544 1.0105620000000002 22304180785877
79459 1.6257060000000005 28823991826788
73670 1.3909840000000004 901854033205
79627 1.6395800000000005 22241378919061
95365 1.9804629999999999 32295367585019
68723 1.349144 16829478345271
63966 1.2226409999999999 10236812450671
21050 0.405628 9906460855384
62109 1.1318040000000003 770876879149
93894 1.7095979999999997 33731718779
2657 0.06044000000000001 1249753984187
13223 0.27551200000000003 6235572359959
33679 0.654668 15245445215425
11240 0.23733800000000005 5248008993761
5766 0.125423 2692017977770
90892 1.757613 8662811759761
81705 1.506253 1331220183047
17204 0.34004999999999996 8113897094454
93501 1.9198459999999997 28153615872524
69761 1.274775 1772414449756
47769 0.9058979999999999 11537130651537
17993 0.348433 8384263693375
18466 0.3627790000000001 8690303397570
14827 0.307329 6917691857026
51652 0.8826310000000002 13312831627
78392 1.6147580000000001 32442794394019
12277 0.250618 5774474178111
7443 0.166902 3519047855317
2769 0.06983999999999999 1295848067311
29178 0.4922899999999999 162730593243
83424 1.4768200000000005 1759784161
49766 0.8509299999999997 80166365209
95802 1.7898569999999996 841901051174
96548 1.9118840000000001 6503389629225
49681 0.971965 23384190715337
29571 0.5356479999999999 3033132672061
77977 1.5190569999999997 13375376003823
32564 0.6430069999999999 15300410669421
22257 0.38559699999999997 97494216321
15650 0.31659899999999996 7329672723268
44894 0.8703019999999999 14964767325037
66367 1.23162 6384240458945
65540 1.1659859999999997 23969059467
85879 1.896118 19381178032150
40595 0.9790560000000001 19066264675653
29062 0.7673320000000001 13754983419407
33327 0.8226730000000002 15666905498441
80170 2.1827819999999996 31835640220604
